461
513
502
325
298
6163
6164
509
509
306
306
307
307
373
373
328
328
505
508
507
445
305
305
304
326
370
370
339
339
209
329
330
213
85
194
331
215
334
513
320
7048
346
375
379
365
7095
7048
7081
7081
207
309
510
509
309
321
308
371
374
7083
7083
7083
7083
366
322
264
337
7052
7048
7048
216
216
381
361
347
301
300
503
361
366
326
327
145
193
190
150
400
508
302
372
283
322
303
320
504
510
313
273
239
220
511
490
485
453
245
55
6176
6158
6092
6116
6126
246
228
6104
257
322
264
320
21
409
389
417
415
97
66
5137
5135
157
157
405
405
159
160
174
174
396
396
125
135
138
143
401
399
137
142
133
148
128
102
86
124
136
68
71
73
93
156
390
103
186
120
107
7053
7053
7048
7046
88
158
408
408
158
159
154
176
115
7059
7059
7059
7059
185
17
15
91
92
92
187
110
131
123
125
394
127
134
136
135
399
174
123
116
56
122
180
393
434
178
384
414
489
42
5149
5138
0
5084
5072
5094
5159
33
8
56
116
180
7061
7059
7048
7048
7056
7061
7083
7082
7048
7056
469
469
463
469
605
605
458
458
474
477
589
475
473
446
472
447
467
465
638
478
595
474
472
403
440
457
478
604
612
608
448
455
619
626
420
418
565
564
432
407
429
429
438
438
439
439
404
437
436
436
433
431
572
397
424
437
438
397
406
422
423
573
488
576
3142
3288
3142
918
913
918
3133
1068
746
3133
3142
3289
1065
3291
3336
1100
1124
1122
615
634
645
630
606
606
611
584
584
1089
1089
1091
1091
1097
1097
601
581
938
923
793
792
937
1094
1090
1090
1099
1100
1087
1087
597
922
920
1119
1119
798
796
1112
1149
1111
1115
1110
1110
1108
1138
1139
1164
1076
746
638
633
591
588
1098
1097
1105
1113
523
791
919
1102
1126
1045
3400
3381
1050
1049
3371
1053
1167
1050
1046
1062
1048
1047
1175
1082
1022
3341
1061
3341
1085
748
853
1146
855
928
3335
862
860
1150
1150
1155
1152
1162
1165
903
883
3240
1166
1167
1143
1153
1141
1176
1141
607
596
606
610
1032
687
900
944
620
631
623
650
624
574
1078
617
3216
3328
3331
3378
3313
3373
3211
3209
3313
3137
3143
3137
742
745
745
737
3134
3137
3185
3144
740
756
756
751
564
565
566
563
528
527
528
548
545
549
549
766
772
753
762
553
521
767
759
757
757
758
519
514
514
560
560
528
783
783
785
785
780
780
776
773
777
774
778
779
880
808
731
539
540
551
520
764
771
765
769
768
754
898
3175
3192
3194
3176
3196
3195
3233
840
844
829
905
838
837
837
659
1188
3190
909
3191
739
685
1213
3164
865
867
868
871
872
875
881
846
3215
844
841
873
834
829
833
906
558
528
533
527
1260
695
576
543
542
735
534
3153
3174
3178
3160
3254
3213
3152
1183
1186
1187
1183
530
813
819
817
812
812
700
701
1237
1237
538
537
537
890
712
1258
1255
537
537
530
530
1255
1202
709
529
536
1185
1180
652
1221
655
1184
1228
1232
1192
663
1192
1191
735
664
1194
1197
1203
1295
1197
1194
718
1227
656
1284
1241
1234
1246
1233
1233
1249
1250
1243
1235
1240
1238
1243
1298
673
820
537
530
529
1256
1202
1200
673
1285
1299
1298
1295
1281
1197
1282
1199
1282
1249
1285
1285
1298
1298
1394
1394
1394
1394
1340
1340
1339
1339
1320
1308
1322
1325
1441
1373
1373
1296
1374
1298
1296
1374
1374
1298
1394
1298
1394
1299
1374
1374
1374
1373
1296
1374
1296
1374
1296
1373
1296
1373
1326
1320
1320
1326
1326
1320
1325
1308
1328
1368
1331
1368
1325
1368
1326
1308
1330
1320
1442
1323
1443
1323
1442
1323
1330
1320
1251
1252
1339
1339
1282
1394
1394
1340
1340
1332
1374
1374
1340
1340
1381
1381
1499
1396
1252
1394
1340
1339
1402
1394
1340
1332
1402
1374
1340
1402
1402
1340
1339
1394
1394
1340
1340
1332
1332
1444
1441
1394
1402
1332
1340
1394
1332
1332
1340
1340
1394
1397
1339
1340
1374
1397
1397
1399
1398
1499
1402
1395
1402
1399
1499
1395
1396
1402
1397
1396
1400
1395
1395
1395
1395
1400
1396
1405
1554
1913
1406
1426
1768
1766
1426
1523
1913
1426
1818
1554
1425
1818
1554
1818
1818
1554
1426
1921
1912
1426
1406
1935
1523
1818
1971
1971
1971
1971
1971
1971
1971
1971
1971
1971
1971
1971
1971
1971
1971
1971
1971
1971
1971
1971
1971
1971
1971
1971
1971
1971
1971
1971
1971
1971
1971
1971
1971
1971
1971
1971
1971
1971
1971
1971
1971
1971
1971
1971
1971
1971
1971
1971
1971
1971
1971
1971
1971
1971
1971
1971
1971
1971
1971
1971
1971
1971
1971
1971
1971
1971
1971
1971
1971
1971
1971
1971
1971
1971
1971
1971
1971
1971
1971
1971
1971
1971
1971
1971
1971
1971
1971
1971
1971
1971
1971
1971
1971
1971
1971
1971
1971
1971
1971
1971
1971
1971
1971
1971
1971
1971
1971
1971
1971
1971
1971
1971
1971
1971
1971
1971
1971
1971
1971
1971
1971
1971
1971
1971
1971
1971
1971
1971
1971
1971
1971
1971
1971
1971
1971
1971
1971
1971
1971
1971
1971
1971
1971
1971
1971
1971
1971
1971
1971
1971
1971
1971
1971
1971
1971
1971
1971
1971
1971
1971
1971
1971
1971
1971
1971
1971
1971
1971
1971
1971
1971
1971
1971
1971
1971
1971
1971
1971
1971
1971
1971
1971
1971
1971
1971
1971
1971
1971
1971
1971
1971
1971
1971
1971
1971
1971
1971
1971
1971
1971
1971
1971
1971
1971
1971
1971
1971
1971
1971
1971
1971
1971
1971
1971
1971
1971
1971
1971
1971
1971
1971
1971
1971
1971
1971
1971
1971
1971
2159
2161
2162
2159
975
2158
973
1128
1125
1174
2165
2159
2168
2168
953
946
947
946
2241
1011
1014
950
950
951
940
2187
2243
967
941
614
2157
2164
958
1026
961
2200
2199
1005
2259
1080
1003
1019
998
1083
1080
2170
2172
2173
2180
998
1017
2205
1022
2215
2163
2208
2202
2209
2203
2224
2258
2216
2250
1009
2217
2210
2232
943
1169
1131
951
1173
2193
2246
998
942
2210
2210
2262
2257
2172
2174
1019
2176
2258
2176
2210
2214
2226
2226
2276
2276
2372
2372
2358
2358
2335
2335
2293
2293
2292
2308
2419
2257
2273
2273
2273
2227
2226
2273
2226
2276
2262
2276
2277
2276
2276
2276
2273
2273
2273
2256
2273
2256
2273
2256
2273
2257
2430
2293
2284
2430
2281
2431
2306
2292
2305
2304
2305
2304
2305
2304
2306
2308
2293
2431
2299
2420
2301
2420
2299
2420
2281
2425
2221
2222
2335
2335
2223
2372
2369
2358
2358
2335
2369
2369
2359
2353
2366
2366
2380
2380
2214
2372
2358
2335
2427
2372
2359
2335
2478
2369
2353
2427
2427
2353
2338
2372
2372
2358
2359
2335
2316
2419
2419
2372
2419
2316
2359
2372
2316
2339
2341
2341
2369
2428
2335
2342
2369
2428
2380
2477
2381
2428
2375
2427
2375
2427
2375
2380
2477
2428
2478
2380
2477
2446
2375
2375
2446
2477
2380
2381
2382
2450
2381
2373
2376
2376
2373
2382
2373
2373
2497
2450
2376
2497
2376
2497
2497
2450
2373
2382
2382
2373
2382
2373
2384
2373
3021
3021
3021
3021
3021
3021
3021
3021
3021
3021
3021
3021
3021
3021
3021
3021
3021
3024
3024
3021
3024
3024
3024
3024
3024
3024
3024
3024
3024
3024
3021
3021
3021
3021
3021
3021
3021
3021
3021
3021
3021
3021
3021
3021
3021
3021
2971
2838
2959
2964
2988
2971
3026
3021
3022
3021
3021
3021
3021
3021
3022
3021
3021
3021
3021
3021
3024
3024
3024
3024
3024
3021
3021
3021
3021
3021
3021
3021
3024
3021
3021
3021
3021
3021
3021
3021
3021
3021
3021
3021
3021
3024
3024
3021
3021
3021
3021
3021
3021
3021
3021
3021
3021
3021
3024
3024
3021
3024
3021
3021
3021
3021
3021
3021
3021
3021
3021
3021
3021
3021
3021
3021
3024
3024
3024
3024
3024
3024
3024
3024
3024
3024
3024
3021
3021
3021
3021
3021
3021
3021
3021
3021
3021
3021
3021
3021
3021
3021
3021
3021
3021
3021
3021
3024
3021
3024
3024
3024
3024
3024
3024
3024
3024
3024
3021
3021
3021
3021
3021
3021
3021
3021
3021
3021
3021
3021
3024
3024
3024
3024
3024
3021
3021
3021
3024
3021
3021
3021
3021
3021
3021
3021
3021
3021
3021
3021
3021
3021
3021
3021
3021
3021
3021
3021
3021
3021
3021
3021
3021
3021
3021
3021
3021
3021
3021
3021
3021
3021
3021
3021
3021
3021
3021
3021
3021
3021
3021
3021
3273
3273
3276
3276
3277
3141
3141
3288
3279
3272
3272
3279
3280
3280
3280
3280
3295
3382
3296
3141
3288
3288
3141
3291
3295
3310
3367
3367
3359
3317
3311
3316
3319
3305
3308
3306
3301
3393
3392
3352
3380
3394
3390
3327
3349
3346
3274
3282
3303
3304
3300
3202
3203
3197
3201
3368
3368
3368
3285
3281
3281
3280
3280
3140
3135
3269
3382
3134
3337
3383
3333
3319
3318
4846
4862
4842
4845
4835
4841
3325
3388
4859
4859
3323
3321
3303
4730
4226
3644
3795
3266
3266
3362
3362
3359
3307
3298
4223
4245
4665
4665
3795
3643
3264
3252
3147
3147
3139
3139
3138
3138
3138
3138
3245
3248
3248
3245
3226
3266
3247
3244
3184
3146
3146
3137
3138
3138
3138
3145
3144
3159
3186
3228
3246
3169
3158
3157
3168
3723
3726
3157
3149
3259
3627
3780
3776
3268
3777
3778
3908
3789
3790
3628
3727
3150
3626
3647
3789
3255
3253
3262
3225
3222
3221
3266
3226
3226
3265
3188
3183
3182
3187
3730
3731
3851
3851
3855
3863
3624
3858
3859
3790
3805
3851
3267
3625
3154
3805
3805
3805
3805
3227
3223
3218
3701
3725
3834
3728
3861
3867
4423
4426
4426
4423
4412
4412
4412
4407
4423
4430
4412
4423
4430
4423
4426
4442
4423
4412
4423
4423
4430
4430
4430
4430
4442
4442
4395
4395
4442
4442
4442
4430
4430
4430
4442
4442
4442
4395
4395
4442
4442
4395
4395
4395
4395
4395
4395
4395
4423
4442
4395
4395
4395
4395
4423
4395
4395
4426
4395
4395
4395
4395
4395
4395
4298
4298
4298
4298
4298
4298
4298
4298
4298
4298
4298
4298
4298
4298
4298
4298
4298
4298
4298
4298
4298
4298
4298
4298
4298
4298
4298
4298
4298
4298
4298
4298
4298
4298
4298
4298
4298
4298
4298
4395
4395
4395
4395
4343
4395
4343
4343
3477
4343
3477
3477
3477
3477
3477
3477
4344
4396
4407
4423
4423
4407
4370
4370
4290
4290
4291
4291
4291
4291
4291
4291
4291
4291
4408
4407
4407
4408
4370
4370
4370
4370
4343
4395
4395
4395
4395
4343
4343
3477
3477
4423
4412
4407
4408
4412
4412
4423
4370
4370
4370
4370
4290
4290
4291
4291
4291
4298
4298
4298
4395
4395
4395
4395
4395
4370
4370
4290
4290
4290
4290
4290
4295
4290
4295
4290
4291
4291
4291
4291
4291
4291
4291
4291
4291
4291
4395
4395
4395
4395
4395
4426
4423
4290
4290
4425
4425
4702
4703
4702
4084
4082
4083
4082
3417
3421
3948
3421
3948
4076
4084
3949
4704
4861
4861
4861
4861
4861
4861
4861
4861
4861
4861
4861
4861
4861
4861
4861
4861
4861
4861
4861
4861
4861
4861
4861
4861
4861
4698
4861
4861
4861
4861
4698
4698
4698
4698
4698
4698
4861
4698
4698
4698
4698
4698
4698
4698
4698
4698
4698
4698
4698
4698
4698
4698
4698
4698
4698
4698
4698
4698
4698
4698
4698
4698
4698
4698
4698
4698
4698
4698
4698
4698
4698
4698
4698
4698
4698
4698
4698
4698
4698
4698
4698
4694
4694
4698
4698
4698
4698
4698
4698
4698
4698
4698
4698
4698
4698
4698
4698
4698
4698
4698
4698
4698
4698
4698
4694
4694
4698
4698
4698
4698
4698
4698
4698
4698
4698
4698
4698
4698
4698
4698
4698
4698
4698
4698
4698
4698
4698
4698
4698
4694
4694
4698
4698
4698
4698
4698
4698
4698
4698
4698
4698
4698
4698
4698
4698
4698
4698
4698
4695
4699
4695
4694
4695
4694
4694
4794
4794
4229
4232
4080
4081
4080
4083
4081
4231
4231
3284
4083
4080
4083
4861
4861
4861
4861
4861
4861
4861
4861
4861
4861
4861
4861
4860
4861
4861
4860
4699
4861
4861
4698
4698
4698
4698
4698
4698
3794
3794
4861
4861
3962
4083
4083
3949
3948
3949
3948
3949
3961
3948
3948
4231
4230
3361
3361
3364
4228
4227
4237
4227
4785
3320
3320
3320
3360
3365
3360
3365
3360
3363
3320
4224
3320
4225
4225
4222
4798
4799
4784
4769
4860
4860
4897
4860
4863
4864
4906
4699
4699
4699
4699
4699
4860
4860
4699
4860
4905
4700
4898
4861
4861
4861
4861
4860
4861
4860
4860
4852
4861
4852
4852
4860
4852
4818
4818
4783
4786
4785
4227
4865
4864
4863
4841
4840
4868
4841
4868
4869
4909
4913
4718
4721
4699
4695
4699
4699
4700
4898
4700
4718
4917
4886
4874
4593
4617
4642
4773
4723
4774
4765
4770
4766
3477
3477
3477
3477
3477
3477
3477
3477
3477
3477
3477
3477
3477
3477
3426
3477
3477
3426
3426
3417
3426
3477
3426
3426
3477
3477
3477
3477
3477
3426
3426
3420
3426
3417
3417
3417
3421
4861
4861
4861
4699
4699
4699
4699
4699
4699
4699
4699
4699
4698
4698
4698
4698
4698
4698
4698
4698
4698
4698
4698
4698
4698
4698
4698
4698
4698
4698
4698
4698
4698
4698
4694
4698
4698
4698
4698
4698
4698
4698
4698
4698
4698
4698
4861
4861
4861
4861
4861
4861
4698
4698
4861
4861
4861
4698
4698
4698
4698
4698
4698
4698
4698
4698
4698
4698
4698
4698
4698
4698
4698
4698
4698
4698
4698
4698
4698
4698
4698
4698
4698
4698
4698
4698
4698
4698
4698
4698
4698
4698
4698
4698
4698
4698
4698
4698
4698
4699
4699
4699
4699
4699
4699
4699
4699
4861
4698
4698
4861
4698
4698
4698
4698
4698
4698
4698
4698
4698
4698
4698
4698
4698
4698
4698
4698
4860
4860
4860
4860
3792
3792
3804
3795
3229
3956
3284
3369
3363
3363
3370
4704
4704
4704
4698
4222
4776
4222
4775
4797
4797
4797
4915
4223
4861
4704
4704
4704
4076
3426
3417
3417
3417
4861
4698
4698
4698
4698
4698
4698
4698
4698
4698
4698
4698
4698
4698
4698
4698
4698
4801
4858
4233
4234
4084
4861
4861
4861
4861
4694
4694
4694
3955
4075
3955
4083
4228
4785
4898
4898
4861
4861
4777
4779
4779
4779
4900
4902
4699
4716
4726
4700
4922
4725
4774
4765
4343
3477
3477
3426
3421
4861
4699
4699
4699
4699
4699
4698
4698
4698
4694
4694
4861
4861
4698
4698
4698
4698
4698
4698
4861
4698
4698
4699
4860
4081
4694
4697
4894
4776
4893
3840
4704
4697
4697
4704
4861
3477
3477
4697
4675
4282
4339
4275
3804
3804
4853
4704
4833
4826
4781
3428
3477
4343
4343
4343
3961
3949
3948
3477
3477
3477
4763
4674
3965
3546
3546
4574
3920
3972
3413
4269
4259
3413
4302
4361
4361
4302
4300
4300
4300
4300
4300
4300
4651
4532
4526
4531
4541
4573
4574
4538
4527
4525
4525
4532
4249
4249
3489
4357
4339
4364
4357
4300
4300
4300
4300
4300
4300
4357
4358
4355
4300
4300
4300
4300
4298
4298
4298
4298
4298
4300
4298
4354
4356
4604
4547
4645
4668
4182
4194
4558
4947
4957
4547
4940
4519
4936
4567
4932
4440
4427
4288
4291
4291
4291
4291
4298
4995
4987
4988
4298
4298
4298
4220
4219
4181
4181
4825
4285
3972
4534
4533
4951
4951
4952
4536
4525
4528
4550
4189
4208
4976
4216
4221
4220
4883
4693
4678
4553
4549
5012
4177
4980
4981
4554
4341
5022
4181
4181
4210
4215
4219
4217
4196
4181
4198
4202
4201
4998
4535
4535
4536
4999
4974
4974
5003
4217
4216
4219
4998
4181
4220
4220
4219
4217
4181
4202
4201
4999
5008
4181
4537
4579
4575
4537
4275
4339
4300
4300
4300
4300
4298
4300
4298
4298
4298
4298
4300
4298
4298
4298
4298
4298
4569
4983
4329
3417
4298
4298
4298
4298
3477
4343
4658
4300
4300
4300
4298
4298
4291
4529
4358
4300
4300
4530
4529
4544
4540
3750
4623
4697
4694
4592
3794
3794
4930
3843
4609
4204
4181
4181
4181
4181
4181
4181
4181
4181
4204
4204
4204
3478
4833
4827
3804
3794
4426
4423
4412
4407
4430
4423
4412
4407
4442
4426
4423
4430
4423
4412
4412
4412
4430
4430
4442
4442
4442
4442
4395
4395
4442
4430
4430
4442
4442
4442
4395
4395
4442
4395
4395
4395
4395
4395
4430
4423
4395
4395
4395
4395
4423
4395
4395
4423
4395
4395
4395
4395
4395
4298
4298
4298
4298
4298
4298
4300
4298
4298
4298
4298
4298
4298
4298
4298
4298
4298
4298
4298
4298
4298
4298
4300
4300
4298
4300
4298
4298
4298
4298
4298
4395
4395
4395
4343
4343
4343
4343
3477
3477
3477
3477
3477
3477
3477
4431
4445
4414
4412
4432
4414
4295
4295
4290
4290
4291
4291
4291
4291
4291
4291
4298
4298
4407
4408
4370
4370
4395
4343
4395
4395
4343
4343
3477
3477
4423
4408
4412
4407
4370
4412
4407
4370
4370
4295
4370
4290
4291
4291
4291
4298
4291
4298
4395
4395
4395
4395
4295
4295
4291
4290
4290
4290
4290
4290
4290
4291
4291
4291
4291
4291
4291
4291
4395
4395
4395
4395
4395
4426
4412
4291
4291
4432
4431
4706
3959
3953
3953
3959
3948
3946
3422
3417
3958
3959
3950
3946
3843
3843
3843
3843
3846
3846
3843
3846
3846
3846
3846
3846
3846
3846
3846
3846
3846
3846
3846
3846
3846
3846
3846
3846
3846
3846
3846
3846
3846
3846
3846
3846
3846
3846
3846
3846
3846
3846
3846
3846
3846
3846
3846
3846
3846
3846
3846
3846
3846
3846
3846
3846
3846
3846
3846
3846
3846
3846
3846
3846
3846
3846
3846
3846
3846
3846
3846
3846
3846
3846
3846
3846
3846
3846
3846
3846
3846
3846
3846
3846
3845
3845
3846
3846
3846
3846
3846
3846
3846
3846
3846
3846
3846
3846
3846
3846
3846
3846
3846
3846
3846
3846
3846
3846
3846
3846
3846
3846
3846
3846
3846
3846
3846
3846
3846
3846
3846
3846
3846
3846
3846
3846
3846
3846
3846
3846
3846
3846
3846
3846
3846
3846
3846
3846
3846
3846
3846
3846
3846
3846
3846
3846
3846
3846
3846
3846
3846
3846
3846
4164
3852
4163
4099
4162
4174
3845
3735
3801
3717
3716
3905
3740
3740
3905
3741
3741
3736
3907
3954
3906
3954
3846
3846
3846
3846
3846
3846
3846
3846
3846
3846
3846
3846
3851
3851
3846
3846
3846
3846
3846
3846
3846
3846
3846
3846
3846
3846
3804
3804
3804
3954
3954
3959
3950
3949
3958
3948
3948
3961
3958
3946
3802
3800
3733
3800
3742
3704
3703
3707
3707
3708
3731
3708
3708
3732
3733
3732
3223
3218
3227
3731
3729
3729
3694
3694
3700
3765
3765
3710
3699
3851
3851
3851
3851
3854
3884
3885
3846
3851
3851
3851
3846
3851
3851
3851
3851
3851
3853
3853
3804
3846
3846
3804
3851
3851
3851
3851
3851
3804
3851
3851
3851
3851
3764
3762
3890
3703
3705
3703
3885
3884
3885
4096
4085
4094
4094
4096
4094
4135
3596
4131
4133
3851
3851
3853
3851
3853
3853
3853
4126
3636
3635
3592
3637
4107
3600
3761
3595
3635
3633
3762
3633
3477
3477
3477
3477
3477
3477
3477
3477
3477
3477
3477
3477
3477
3477
3477
3477
3426
3420
3417
3420
3426
3426
3426
3426
3477
3477
3477
3477
3477
3426
3420
3426
3426
3421
3421
3417
3417
3846
3846
3846
3846
3846
3846
3846
3846
3846
3846
3846
3846
3846
3846
3846
3846
3846
3846
3846
3846
3846
3846
3846
3846
3846
3846
3846
3846
3846
3846
3846
3846
3846
3846
3845
3845
4102
3845
3845
3845
3846
3846
3843
3843
3843
3843
3843
3846
3846
3846
3846
3846
3846
3846
3846
3846
3846
3846
3846
3846
3846
3846
3846
3846
3846
3846
3846
3846
3846
3846
3846
3846
3846
3846
3846
3846
3846
3846
3846
3846
3846
3846
3846
3845
3845
3846
3845
3845
3845
4158
4102
3846
3846
3846
3846
3846
3846
3846
3846
3846
3846
3846
3846
3846
3846
3846
3846
3846
3846
3846
3846
3846
3846
3846
3846
3846
3846
3846
3846
3846
3846
3846
3846
3846
3846
3846
3846
3851
3851
3851
3851
3804
3804
3804
3805
3229
3230
3221
3220
3224
4103
4098
4113
4097
3694
3693
3694
3831
3696
3695
3695
3874
3836
3844
4101
4101
3843
3957
3417
3420
3422
3417
3846
3846
3846
3846
3846
3846
3846
3846
3846
3846
3846
3846
3846
3846
3846
3846
3846
3737
3715
3721
3743
3959
3846
3846
3846
3846
3846
4099
4099
3955
3954
3954
3709
3705
3851
3851
3846
3804
3711
3769
3711
3711
4090
4172
3851
4145
4145
4089
4125
4168
3822
3698
4343
3477
3477
3421
3846
3846
3846
3846
3851
3846
3846
3846
3846
4099
4159
3846
3846
3846
3846
3846
3846
3846
3846
3846
3846
3846
3851
3851
3907
4097
3827
3698
3822
4091
3682
3865
3848
3881
3844
3477
3477
3687
3756
3924
3409
3977
3770
3893
3772
3430
3477
4343
4343
3748
3965
3540
3915
3410
4270
4302
4361
4300
4300
4300
3532
3529
3532
3523
3537
3542
3574
3538
3524
3529
3530
3529
3401
4274
4273
4361
3405
3404
4361
4300
4300
4300
4300
4300
4300
4300
4368
4367
4361
4300
4300
4300
4300
4298
4298
4298
4298
4300
4359
3996
3407
3902
3523
3517
3522
4002
4015
4061
3929
4038
3518
3518
3566
4000
3898
3899
3461
3486
4298
4458
4298
4298
4298
4298
4069
3988
3978
4298
4298
4300
3587
3587
3582
3587
3569
3915
3918
3516
3526
3974
4027
3975
3530
3530
3519
3526
4014
3589
3581
3918
3578
3577
3614
3611
3521
3527
3520
4045
4048
3936
3937
3550
3989
3992
3576
3576
3586
3586
3581
3589
3587
3587
3584
4014
3973
3531
3531
3973
3535
3535
3535
3580
3577
3975
3581
3586
3973
3587
3587
3587
3586
3586
3587
3584
3973
3535
3580
3576
3534
3573
3573
3535
3404
3506
4300
4300
4300
4300
4300
4300
4298
4298
4298
4298
4300
4300
4298
4298
4298
3981
4023
3993
4298
4298
4298
4298
3607
4302
4300
4300
4300
4298
4298
3534
4361
4302
4300
3533
3544
3536
3545
3746
3754
4150
3604
3563
3901
3584
3580
3584
3584
3587
3587
3587
3587
3587
3587
3590
3588
3436
3774
3891
5129
5130
5129
5131
5127
181
5115
5114
5114
5111
5111
5120
5100
5120
5100
5038
5099
5061
5058
5027
5059
5131
5131
5128
5125
5128
5125
5126
5126
5116
5122
5122
5126
5116
5122
5116
5106
5103
5101
5104
5101
5104
5104
14
14
12
12
113
118
11
11
118
60
112
56
57
9
10
5080
5143
5
4
61
108
60
59
103
110
3
62
61
58
121
13
13
14
56
5124
5124
5124
5124
5123
5251
5251
5248
5248
5214
5214
5026
5026
5133
5133
5212
5212
5246
5246
5249
5249
5248
5248
5133
5118
5212
5212
5246
5246
5249
5249
5248
5251
5247
5250
5056
5056
5213
5056
5057
5057
5246
5249
5249
5246
5223
5250
5216
5246
5249
5118
5119
5246
5212
5249
5132
5212
5251
5248
5030
5213
5246
5249
5248
5248
5249
5249
5247
5247
5212
5248
5248
5248
5252
5248
5248
5248
5248
5248
5248
5683
5356
5680
5888
5357
5356
5685
5744
5458
5904
5235
5235
5337
5339
5355
5412
5248
5248
5396
5235
5235
5321
5321
5340
5340
5683
5357
5458
5683
5396
5356
5454
5354
5454
5454
5354
5352
5458
5454
5354
5400
5400
5352
5744
5455
5881
5899
5410
5402
5410
5353
5340
5458
5683
5679
5682
5455
5349
5454
5683
5743
5228
5328
5248
5248
5248
5248
5248
5228
5340
5228
5232
5248
5248
5234
5340
5683
5235
5340
5400
5234
5328
5235
5252
5235
5227
5252
5252
5886
5744
5744
5881
5892
5905
5904
5950
5904
5948
5888
5887
5953
5783
5954
5954
5892
5954
5953
5954
5780
5780
5780
5780
5783
5780
5780
5780
5780
5780
5780
5780
5780
5780
5780
5780
5780
5780
5780
5780
5780
5780
5780
5780
5780
5780
5780
5780
5780
5780
5780
5780
5780
5780
5780
5780
5780
5780
5780
5780
5780
5780
5780
5780
5780
5780
5780
5780
5780
5780
5780
5780
5780
5780
5780
5780
5780
5780
5780
5780
5780
5780
5780
5780
5780
5780
5780
5780
5780
5780
5780
5780
5780
5780
5780
5780
5780
5780
5780
5780
5780
5780
5780
5780
5780
5780
5780
5780
5780
5780
5783
5780
5780
5780
5780
5780
5780
5780
5780
5780
5780
5780
5780
5780
5780
5780
5780
5780
5780
5780
5780
5780
5780
5780
5780
5780
5780
5780
5780
5780
5780
5780
5780
5780
5780
5780
5780
5780
5780
5780
5780
5780
5780
5780
5780
5780
5780
5780
5780
5780
5780
5780
5780
5780
5780
5780
5780
5780
5780
5780
5780
5780
5780
5780
5780
5780
5780
5780
5780
5780
5780
5780
5780
5780
5780
5780
5780
5780
5780
5780
5780
5780
5780
5780
5780
5780
5780
5780
5780
5780
5780
5780
5780
5780
5780
5780
5780
5780
5780
5780
6158
6154
6157
6156
6156
374
6145
6132
6144
6138
6138
6138
6139
6128
6148
6127
6047
6033
6036
6071
6033
6159
6155
6154
6153
6153
6153
6150
6153
6153
6151
6151
6143
6134
6143
6134
6134
6130
6133
6130
6133
6129
6132
258
259
356
356
260
260
261
261
356
336
350
352
283
256
254
255
6161
344
343
252
251
286
284
348
342
250
253
285
253
357
357
376
258
282
282
6150
6150
282
6150
6258
6258
6255
6255
6221
6221
6035
6035
6142
6162
6221
6221
6255
6255
6258
6258
6258
6258
6141
6142
6222
6222
6255
6255
6258
6258
6257
6261
6261
6255
6065
6065
6224
6066
6066
6066
6255
6258
6258
6255
6227
6227
6222
6255
6257
6146
6147
6222
6255
6257
6221
6162
6255
6258
6146
6222
6255
6257
6257
6258
6258
6258
6261
6261
6221
6258
6258
6258
6258
6258
6258
6258
6258
6258
6258
6503
6337
6514
6530
6337
6365
6899
6868
6482
6562
6384
6383
6245
6245
6425
6392
6258
6258
6487
6258
6258
6242
6242
6352
6352
6514
6361
6514
6486
6365
6535
6367
6337
6515
6515
6340
6340
6535
6482
6339
6339
6347
6347
6562
6513
6918
6865
6387
6349
6350
6339
6482
6352
6485
6733
6515
6530
6346
6535
6514
6518
6237
6375
6258
6258
6258
6258
6258
6262
6371
6262
6242
6258
6258
6237
6371
6514
6258
6352
6347
6375
6238
6259
6245
6245
6237
6258
6258
6562
6911
6562
6918
6927
6868
6866
6976
6865
6866
6899
6925
6976
6976
6976
6976
6926
6976
6976
6976
6817
6817
6817
6817
6817
6817
6817
6817
6817
6817
6817
6817
6817
6817
6817
6817
6817
6817
6817
6817
6817
6817
6817
6817
6817
6817
6817
6817
6817
6817
6817
6817
6817
6817
6817
6817
6817
6817
6817
6817
6817
6817
6817
6817
6817
6817
6817
6817
6817
6817
6817
6817
6817
6817
6817
6817
6817
6817
6817
6817
6817
6817
6817
6817
6817
6817
6817
6817
6817
6817
6817
6817
6817
6817
6817
6817
6817
6817
6817
6817
6817
6817
6817
6817
6817
6817
6817
6817
6817
6817
6976
6817
6817
6817
6817
6817
6817
6817
6817
6817
6817
6817
6817
6817
6817
6817
6817
6817
6817
6817
6817
6817
6817
6817
6817
6817
6817
6817
6817
6817
6817
6817
6817
6817
6817
6817
6817
6817
6817
6817
6817
6817
6817
6817
6817
6817
6817
6817
6817
6817
6817
6817
6817
6817
6817
6817
6817
6817
6817
6817
6817
6817
6817
6817
6817
6817
6817
6817
6817
6817
6817
6817
6817
6817
6817
6817
6817
6817
6817
6817
6817
6817
6817
6817
6817
6817
6817
6817
6817
6817
6817
6817
6817
6817
6817
6817
6817
6817
6817
6817
7056
7056
7089
7089
7056
7089
7056
7089
7056
7089
7056
7089
7056
7089
7056
7089
7056
7056
7056
7089
7089
7096
7096
7089
7096
7089
7096
7089
7096
7089
7096
7089
7096
7089
7089
7096
7096
7089
7096
7089
7099
7104
7104
7099
7104
7099
7104
7099
7104
7099
7104
7099
7104
7099
7106
7099
7104
7099
7104
7099
7106
7106
7106
7106
7106
7106
7106
7106
7106
7106
7117
7117
7117
7117
7117
7117
7124
7124
7110
7110
7154
7154
7144
7144
7144
7126
7126
7126
7117
7117
7117
7117
7110
7124
7154
7144
7144
7110
7126
7126
7178
7178
7178
7178
7178
7178
7178
7178
7178
7178
7178
7178
7159
7159
7173
7199
7199
7199
7178
7178
7178
7178
7178
7178
7178
7178
7173
7159
7199
7199
7178
7178
7178
7178
7178
7178
7178
7178
7178
7178
7178
7178
7178
7178
7178
7178
7178
7178
7178
7178
7178
7178
7178
7178
7178
7178
7178
7178
7178
7178
7178
7178
7178
7178
7178
7178
7178
7178
7178
7178
7178
7178
7178
7178
7178
7178
7178
7178
7178
7178
7178
7178
7178
7178
7178
7178
7178
7178
7178
7178
7178
7178
7178
7178
7178
7178
7178
7178
7178
7178
7178
7178
7178
7178
7178
7178
7178
7178
7178
7178
7178
7178
7178
7178
7178
7178
7178
7178
7178
7178
7178
7178
7178
7178
7178
7178
7178
7178
7178
7178
7178
7178
7178
7178
7178
7178
7178
7178
7178
462
